4.40752
5.80848
4.03481
5.65189
6.16391
5.21859
2.79006
4.82013
5.33274
5.95157
2.80601
7.07991
3.76364
4.20319
6.38857
4.63192
5.2879
5.08998
6.13359
6.37008
4.73258
5.44215
4.0536
5.15731
4.69124
6.84548
4.1347
4.2345
5.37874
6.13477
6.07576
6.22995
4.55572
6.34286
5.55531
6.27008
4.78842
6.58178
5.72816
4.15576
4.40973
6.33152
5.22737
5.58096
4.88668
5.38342
6.14313
5.13675
4.61957
4.07862
3.45238
5.30152
4.75894
4.64008
4.64031
5.9532
4.64833
4.81245
4.28958
5.24129
6.01806
1.94947
4.26005
5.83235
4.19411
3.01271
4.8063
6.31144
5.15737
5.03218
6.2639
4.49021
6.00935
5.95407
4.48037
4.44256
4.72797
5.32145
4.63995
7.57945
5.98744
5.91751
5.70781
6.82745
5.4954
5.90739
5.26424
4.95391
5.39292
5.81543
5.17561
4.23395
3.82026
3.80932
5.66279
5.49081
3.99445
4.80659
4.34068
3.31804
6.28779
5.13626
4.34146
5.72838
3.46879
5.09517
4.60485
5.34787
5.46436
5.6984
4.9993
4.92677
4.50246
5.20196
4.81576
4.45984
3.35049
4.06957
6.82182
5.81521
6.2995
5.61045
6.81451
5.27432
4.92695
4.78566
5.70795
5.48656
2.98979
5.56504
7.18085
5.75722
4.24822
5.77227
6.23626
5.33999
3.00249
5.62374
4.66074
4.20068
6.73667
4.83693
5.94224
5.09599
4.80356
5.98241
7.40813
4.99658
4.61295
6.36054
3.84301
5.6036
5.20817
3.31087
3.84704
5.46728
4.27072
6.31753
2.63481
4.57729
7.25284
5.66476
6.78167
5.30706
3.24338
5.04696
5.02255
4.9527
4.80551
4.63697
4.10704
4.27011
4.46323
4.47665
5.20109
5.74995
4.82708
5.80673
5.54058
5.74081
4.71946
5.81668
6.63436
5.86086
6.70614
5.2456
3.89486
2.80479
5.01178
5.38891
5.39885
6.57445
6.14672
3.91917
5.50324
3.66731
4.16648
4.48543
4.68499
5.79695
4.21188
4.95479
5.27368
4.65005
4.53219
4.92387
4.30132
4.434
5.77955
2.86951
5.75395
5.92525
4.91224
5.02129
6.69275
6.48148
4.63405
6.79811
4.92148
3.53323
5.7448
5.75938
6.51978
4.61947
5.78485
4.6547
4.99293
5.52046
3.97311
5.2368
4.81059
4.95487
2.57361
4.76686
6.26205
6.09357
4.60098
6.745
4.59928
4.58886
3.70229
6.10319
5.67418
5.70292
7.36429
4.51024
3.71321
4.58007
5.36494
3.94116
5.02126
6.79654
4.80953
3.49147
4.47618
4.79124
4.05069
5.71253
5.26726
3.55225
4.73841
7.34162
5.75215
5.56418
6.12924
5.05785
4.31014
4.10525
3.18966
4.12999
5.21371
5.01483
4.69458
5.75718
5.07248
3.1434
5.75141
5.04568
5.32866
4.92841
5.03635
4.05618
4.73751
4.47793
4.27177
4.48457
5.32525
5.1856
3.02854
4.52028
5.98898
4.97957
5.34348
4.84888
4.63856
5.40655
6.01797
2.50749
5.02715
3.71473
4.15321
6.44421
3.33319
4.9423
4.13794
4.66026
6.44916
4.23124
4.38721
7.21659
6.38564
4.7248
4.25542
4.74346
4.16819
3.66567
2.87625
5.08209
4.29858
5.30598
6.10833
4.05329
5.84846
6.19956
4.39036
5.76386
5.00774
3.27348
4.75859
5.19202
4.91983
4.40298
5.15705
4.51973
5.27511
4.6202
4.49524
6.24265
4.64278
3.54139
4.47489
4.54931
5.75977
4.15855
5.68678
5.38497
5.39742
4.36364
6.14582
4.7882
5.7696
4.17946
2.79899
3.36129
3.86477
4.87435
4.94921
4.25992
3.85935
4.70963
4.03487
5.68102
5.32505
3.9419
4.54183
4.65429
6.93335
4.99289
5.41846
5.0976
5.36088
5.50009
3.96527
5.61162
5.50126
6.80139
4.5742
5.3775
5.16056
5.47226
4.3864
5.9301
3.75675
4.77452
4.57754
4.65896
5.72934
2.21226
5.72875
6.59249
5.1149
6.25942
4.40837
6.37144
5.82022
4.53547
4.33395
5.92109
5.13246
5.1386
5.93334
4.82587
4.26389
4.25677
4.44077
3.86606
3.86346
5.46016
5.24032
4.51145
5.47607
6.44654
6.57542
5.93986
5.08843
5.89821
5.60675
6.64913
5.36825
5.52616
4.22705
5.57822
5.97293
5.05742
5.74343
6.27723
5.83277
6.01834
3.14359
3.771
4.29786
6.30891
4.53518
5.75239
3.48853
5.3946
6.74908
5.01942
4.72257
5.93705
7.26745
5.63794
6.09452
6.2645
4.27992
5.18979
4.31492
6.70628
4.09639
5.31139
4.74404
6.31574
6.02568
4.65332
5.36992
4.50782
5.23027
4.18955
4.84965
4.46737
6.55267
4.44564
4.31466
5.39234
5.43333
5.73529
3.61433
5.32275
4.97892
2.79087
4.87643
6.42616
4.89161
4.68804
5.08893
2.88148
7.11399
5.10611
7.82285
5.55302
4.65266
4.16189
5.48128
5.52255
3.88242
5.38785
5.3511
5.38565
3.97128
5.81779
6.12378
6.61654
5.62941
4.86429
4.25037
1.42543
6.4045
5.30593
4.85167
7.01602
5.27262
5.82308
5.17475
6.13613
3.68425
5.28007
4.88412
3.35399
4.78756
4.59675
5.62495
5.27427
5.54283
5.48782
4.02349
5.8981
5.15335
3.07366
6.21538
4.7982
6.20969
4.36947
4.86006
4.11396
4.78573
5.53892
4.82368
3.98159
4.10307
4.16193
6.61315
5.4651
3.85418
5.70016
4.83699
5.39482
5.01813
5.29129
4.39747
3.48895
3.58541
5.59567
6.90209
5.74535
5.68333
4.82957
4.39049
6.01582
5.27809
5.55257
4.53287
5.50434
6.74489
5.60694
6.56232
4.81034
4.13802
5.11936
6.01888
4.44742
5.80947
4.70029
5.45888
5.25464
8.4795
5.79737
3.8209
4.22982
3.8257
6.75387
4.71317
4.70665
4.29583
5.74349
4.7529
5.10443
3.81295
3.90043
5.23299
5.81824
6.26809
5.38642
5.2807
5.46871
4.28501
5.752
5.83958
6.98361
6.57631
5.76955
5.32011
3.26557
4.52379
5.01044
5.13128
3.61727
6.12284
3.24551
4.57354
3.73353
4.23028
5.47383
7.1873
5.87026
5.86567
5.10494
4.16991
4.96929
5.01664
4.56327
5.21897
3.46523
6.56694
5.53458
4.06522
3.90573
3.79653
5.11456
3.739
4.13715
5.12782
3.95177
5.26415
5.87628
7.48473
4.27572
5.52366
3.01908
4.13531
7.09181
5.2285
6.70264
2.60344
5.10654
6.52217
4.22751
4.33965
5.57049
6.59122
6.46731
4.89791
4.78344
4.25869
4.11689
5.54897
5.47706
4.7516
4.55424
5.12763
7.43381
5.24354
6.58317
4.72301
3.92627
5.52045
6.09559
4.79577
5.33975
4.65345
4.09395
7.27459
5.37419
6.18183
5.78505
4.08186
4.87052
7.118
3.95013
4.72052
5.00309
3.01789
6.10343
5.48176
5.56659
5.81524
4.21276
4.29156
4.66556
5.57845
3.99223
4.89031
3.20409
5.92198
3.96218
4.79227
4.78879
4.5258
5.03761
4.34721
5.24314
2.36706
5.84797
4.30964
6.72833
3.28604
4.2145
3.8296
3.16883
5.42944
4.27904
5.53571
4.33777
5.81042
3.09051
6.2475
4.77226
6.32309
3.21683
4.51963
5.45023
5.38104
3.93231
4.44916
6.55978
5.62803
6.0929
4.4
5.05357
6.91862
4.44117
4.90796
4.68023
2.11261
6.82762
4.54398
4.61134
4.20606
4.07485
7.24475
3.121
7.35802
6.83239
4.44688
2.70119
5.28408
4.44278
5.24418
5.47797
4.77202
4.96999
4.56904
4.97545
5.34704
5.43237
5.0355
3.87434
3.87056
4.64132
4.78752
5.6293
3.93267
5.87654
6.12042
4.81306
4.38853
5.56437
5.03621
4.8339
4.65602
5.70401
4.66377
5.23049
5.61635
5.10969
5.44307
2.09582
4.64634
3.89432
4.57429
7.08034
5.53999
6.30506
3.36766
4.5907
5.37866
5.29026
4.62675
4.27857
5.14981
4.91032
5.43483
5.65031
4.91586
5.1529
4.20448
4.32843
5.71488
4.64376
4.2892
5.89037
6.83215
5.45079
2.35769
4.61652
5.02076
7.28073
4.87302
6.53084
3.08812
5.18321
4.37202
4.83602
4.46622
5.29594
5.33412
4.33709
4.07301
5.68834
5.13541
5.78093
4.76774
4.36675
6.57874
6.11641
5.96746
5.49284
3.63965
4.69305
5.42776
4.47045
7.01626
6.89049
5.52696
6.53346
2.0444
7.19523
5.12252
4.99636
4.25592
6.32321
4.71748
4.60061
4.86713
3.48095
4.96525
4.08223
5.45702
5.2533
4.88028
5.06284
5.48001
5.35149
5.70557
7.03758
3.69383
4.76607
3.40554
4.54059
4.21084
3.66578
4.45621
5.59855
3.91384
5.57637
6.47575
6.62509
6.48709
5.38788
7.01597
4.7512
4.3481
5.99499
6.74619
5.63604
4.40345
4.449
6.13757
5.00622
3.84075
3.99381
5.20503
4.20384
6.18365
5.47405
4.07571
3.74715
3.77757
5.57492
3.43889
5.73467
3.20377
3.74771
4.2199
3.33165
4.69806
5.5929
4.44899
3.70437
4.75874
6.05608
4.8792
6.44887
7.2075
4.84462
5.98006
4.142
5.71284
6.70398
3.72558
3.86832
5.2921
5.73573
6.43396
5.56601
5.39008
4.95335
5.10874
5.00734
5.93616
3.58863
5.64323
3.6413
4.03708
3.24127
4.77435
5.04547
3.51986
4.85301
6.56485
5.81742
5.16585
1.95137
5.48001
6.92131
3.94557
3.13914
4.37611
6.13727
5.79175
4.69677
4.99108
6.20586
6.01912
6.35853
4.57369
3.90382
5.21524
4.23701
5.2282
4.24579
5.37548
5.41357
6.0662
5.81227
3.94912
5.07093
5.34663
6.36489
4.3563
4.27669
5.63068
4.02437
5.99761
5.04193
4.29917
5.0972
4.56102
4.19937
5.85247
4.01561
6.2792
4.32505
3.02816
3.59689
4.01161
5.7969
5.72521
4.90872
5.68203
4.65611
5.70199
3.65624
4.70672
4.70578
5.29588
6.08715
6.73349
5.42225
6.36044
4.19886
5.36345
3.67568
4.84726
4.53556
5.22062
6.25298
5.77829
4.97859
6.40977
3.3406
4.74203
3.99896
5.79565
6.09051
5.96707
5.10011
4.83964
5.82057
4.00878
5.46452
