9.92528
0.353026
0.65899
5.65431
0.52298
1.31443
6.03291
2.68869
1.53749
2.6558
2.81155
2.12378
0.75233
3.20873
1.45205
0.36649
1.27855
0.987511
0.497369
0.475888
0.061187
0.804816
0.42847
5.54064
1.71616
4.45592
2.16398
1.36739
1.6277
0.39948
0.697775
0.247995
0.129065
2.06429
2.54973
2.00391
2.46938
0.208291
2.37197
0.226532
0.274783
1.38237
0.4623
0.676444
0.172453
0.272235
1.56913
0.170602
0.685466
4.33639
0.511303
1.12051
0.301145
1.01398
2.29341
0.371503
1.15198
0.0921517
0.739808
1.39741
0.399786
1.41688
2.66207
0.903613
0.348053
1.22132
1.95424
2.23582
2.36502
1.2899
0.187522
0.820293
0.198695
1.13691
1.27533
1.07715
2.95943
1.93729
7.28631
0.917526
3.48839
0.301315
2.68702
3.47623
0.983578
1.92344
0.844298
0.0938854
1.87776
1.65817
1.3685
2.53827
0.309982
0.085851
0.738344
0.257534
0.550028
0.951211
1.14953
1.81147
2.04459
1.12323
1.60692
2.48967
2.03241
2.2861
0.200769
0.260456
0.11656
3.3699
0.266361
0.75264
0.395317
0.3046
2.15734
2.28245
0.42074
1.13622
6.3383
3.96556
0.278518
1.31239
0.930846
4.49634
0.390698
2.2482
1.92822
7.54697
1.1516
3.21204
8.86948
1.54396
0.586543
2.01375
1.6974
0.594059
0.42219
1.16916
0.320952
9.21191
0.257808
2.08342
0.0559915
0.979921
3.45571
0.662296
1.86328
0.535289
1.04868
2.2365
3.68297
2.07061
0.168576
0.255703
1.29241
2.96241
1.26522
5.52865
7.31417
0.807835
0.449546
0.832643
2.09474
2.26739
1.86193
0.209065
2.86335
2.62331
0.547596
0.606013
6.1755
1.09133
0.812314
0.000495795
3.97535
0.00747086
0.359997
0.0236233
1.84446
2.58236
1.88162
6.40113
1.36144
1.49442
1.22682
2.46357
1.71629
2.26766
5.89366
0.0475527
0.652077
3.98532
0.705698
0.763693
0.710279
5.45968
3.69555
2.7588
1.52979
1.04084
0.473825
0.157279
0.6793
0.0396893
0.54788
0.962622
1.20238
0.928721
1.14974
0.249092
3.21891
0.35773
0.658748
0.376328
5.30533
2.25628
0.28496
0.583498
1.01086
0.913774
2.55644
0.645833
2.33526
1.37426
0.250237
0.325708
2.25931
2.51623
7.22726
2.35586
1.61243
2.25547
5.94853
1.80368
2.89858
4.75983
2.12563
2.19595
1.70799
5.86055
0.353058
0.80933
5.81586
0.23065
1.9097
6.00631
7.68916
0.145703
1.38208
2.25485
1.5952
1.74958
2.32285
1.23064
1.68973
0.150307
2.01006
0.972734
0.495567
0.00443924
1.3558
0.421512
0.0447269
4.5558
2.6459
1.16513
1.0719
2.819
1.14117
0.420694
1.70299
0.282651
0.758667
1.32189
5.39908
5.25257
0.151957
1.87457
1.43193
1.93756
0.277982
2.0481
0.285995
2.09124
0.611485
0.953598
1.76493
2.18839
1.59967
0.039128
0.40449
8.33408
1.68707
2.00732
1.78734
1.43395
0.796379
1.00198
4.20762
2.90732
1.80793
0.0497333
0.0245038
2.36668
0.613592
2.63158
9.99194
2.73095
1.31436
3.40915
1.92771
4.53504
0.115524
2.64925
0.935666
0.0744732
2.94779
3.56416
0.839403
0.16957
0.4998
0.328452
1.01657
1.50168
3.28224
0.0826898
0.249075
1.69406
3.50608
0.454461
0.541292
9.25308
0.593709
4.34391
3.67963
0.726302
0.0673968
2.41905
0.427158
1.40861
0.0432652
2.20645
3.30136
3.23741
1.30126
1.5267
2.98854
0.81169
2.37192
1.09978
3.42605
5.60172
1.60192
2.44637
0.942605
2.06548
0.0928512
0.335489
4.23036
2.52253
6.21054
1.11514
0.281149
1.14672
1.24739
1.0462
0.644076
0.647677
5.92029
3.20828
6.53953
9.9199
5.65294
0.56705
0.0133659
1.16583
2.21434
1.35902
0.0421778
3.49923
0.228164
0.194175
4.31191
1.17016
4.62116
1.59838
2.80743
3.32206
1.5074
0.112642
0.110228
4.47227
0.315457
1.30553
0.138379
0.654974
5.22268
1.40195
1.64514
3.17259
2.05185
0.733845
0.0972972
0.576077
2.46935
2.19606
1.83863
0.318633
3.12027
2.1623
3.77494
3.27025
0.146572
0.141554
4.31639
2.79623
0.144791
3.7462
2.94051
2.28062
0.530467
1.2267
5.32212
2.16036
1.21976
4.27145
1.69143
0.0608459
2.87252
0.840602
1.85783
0.486887
2.0401
1.67654
3.18816
6.24039
1.01853
9.17833
2.70123
1.17898
0.99884
0.261489
1.50591
3.51779
4.84928
3.43009
1.17006
0.616687
2.15716
2.86839
2.16635
1.38853
3.53835
1.92578
1.21195
1.60255
0.903067
2.11042
4.83509
0.640947
0.25657
6.42123
2.36012
1.16163
1.96673
0.910988
0.539913
0.708359
2.44527
0.0966053
1.34358
0.168298
0.258383
8.59695
0.869884
2.85182
4.56572
0.999905
3.33869
0.851201
0.614139
0.908343
2.75069
1.75337
1.33155
2.21089
0.789298
3.77028
3.5063
0.345171
0.772025
5.75666
0.199053
0.521338
3.85941
0.883854
7.65241
0.0645496
3.46396
1.44033
1.33149
6.31566
6.1436
2.26158
3.86188
1.20573
0.801406
0.121098
1.19276
0.486409
0.840992
1.58049
0.75808
4.36002
1.33396
0.588072
6.56521
4.69727
0.510276
0.78792
0.670301
0.305266
0.207642
0.424005
0.73143
4.01304
0.983722
3.05891
0.444945
7.80703
4.18973
0.231098
0.867407
1.60592
2.31701
2.0404
0.89463
0.163138
0.444956
2.49058
2.68906
2.87487
0.558868
2.17836
4.25748
0.906304
1.50145
1.38412
0.749167
1.92649
0.0399366
2.22825
1.11347
0.526023
7.92295
0.726269
1.35181
2.72181
4.34021
0.0920455
1.10566
0.510945
1.31098
0.357143
0.186867
0.96148
0.0479195
0.793543
1.50008
1.2829
4.10474
1.20454
1.36225
1.00015
4.2431
2.62691
0.228992
1.00585
3.62676
3.43665
5.32838
0.559254
2.01779
1.34673
0.151505
2.98226
0.0854549
2.38404
5.44185
2.38032
2.95267
0.425012
0.0138065
3.63174
4.88668
0.550064
0.418532
2.61964
0.356851
8.22508
7.47829
2.11537
0.0376476
2.80874
0.877499
1.40877
2.64792
1.66067
0.676851
1.06281
7.33379
0.903288
1.44469
3.64676
6.51937
0.594522
1.28905
1.13972
0.94591
0.450575
1.58421
0.585577
1.58104
3.99923
0.547834
0.339324
0.488708
0.245453
2.72493
0.342109
1.28166
1.56026
4.12801
0.0343522
1.55012
0.759229
3.06024
4.01756
2.64487
0.192384
0.711546
2.00376
1.67733
2.46205
2.04301
0.519936
6.71331
6.4203
0.684746
0.382573
0.744374
7.63495
1.6628
3.64995
0.309712
1.22071
1.85168
0.403944
0.832535
1.84435
3.57413
0.408974
0.0610626
0.728612
0.265786
0.625518
4.05402
0.917775
4.38223
1.03922
4.17392
2.06332
0.53678
1.48991
0.689922
0.196736
5.2689
0.25762
0.853354
0.137791
2.0315
2.32811
0.808943
0.929549
0.747265
1.5319
0.206123
1.33578
0.790594
2.44118
4.17103
0.989747
3.77417
1.23479
1.48259
1.34663
0.61844
1.73095
0.117306
6.10979
2.90675
0.0867124
1.36669
0.10668
1.63184
6.1535
1.91236
1.48916
2.36527
0.408909
1.59819
2.16724
0.329048
5.70699
0.410528
1.71888
3.73241
0.224427
2.22527
3.1278
2.1181
0.0186618
0.458518
2.00006
0.0774769
2.23647
2.23773
2.20018
1.00059
2.14086
1.98361
6.2309
8.54063
0.207781
0.139636
1.10032
5.64909
2.43178
1.24602
0.0911112
2.72154
2.24049
0.470178
1.00772
5.88437
0.0582545
5.30319
3.68052
2.14761
3.96191
2.08804
1.19478
0.722436
0.860528
0.650793
0.534336
0.0543751
2.08637
2.45655
1.91295
0.266133
1.19472
4.95666
0.255735
1.02528
0.598259
2.97087
2.17737
0.0539383
1.33895
4.79149
2.40316
1.95616
1.70871
1.96122
2.58553
2.02669
1.23454
1.884
0.582725
3.25148
0.516095
1.18639
4.05513
0.449809
1.4687
0.268583
1.71368
0.602535
0.462272
1.59308
3.73718
1.42725
1.61711
2.16741
9.71848
0.389774
0.246491
0.14077
1.92738
0.748991
4.30544
3.22934
1.11381
1.47278
1.19431
1.96964
1.65462
6.08984
4.64423
2.38261
0.938361
2.2738
0.438189
1.89991
1.05845
3.40793
2.77649
2.39704
0.898331
3.36685
2.74492
0.0993068
1.48891
1.89656
0.627006
3.17384
0.532077
4.55963
0.594273
0.421561
0.0248086
3.76333
1.91853
3.79551
0.299698
4.03193
2.43522
0.193058
0.0416528
3.00443
0.0606696
1.39114
0.169094
2.92447
4.03028
4.14456
4.20045
4.02804
1.21626
4.53095
1.57146
0.114436
1.76957
1.64261
2.9472
0.695085
0.0828473
1.00797
0.658043
3.23173
1.40132
2.30095
1.35192
1.20108
1.08477
0.0795332
0.189899
0.992404
0.288804
6.54687
3.28193
0.782439
6.22531
0.209846
0.215687
0.728232
0.80524
3.82359
1.46543
1.89017
7.37336
3.14151
0.439973
1.20891
1.6746
0.480223
2.2902
0.647932
0.393316
1.00446
0.352905
3.1912
0.173473
2.01008
0.520917
1.71692
3.91047
5.21968
3.3841
1.29769
1.99981
0.397598
1.25486
0.734008
2.1831
2.52797
1.69252
1.48592
3.25703
7.84749
0.776265
1.84417
2.80844
3.08018
0.143978
1.58265
0.018559
3.02229
2.30657
6.29756
1.43883
0.8763
1.30434
1.11396
9.13057
1.81826
3.02567
6.64862
1.3255
0.198066
7.20416
0.25581
1.96707
0.428713
0.475614
0.0292149
0.905745
0.824405
2.52407
0.90844
0.0422271
0.280364
1.74841
2.60878
3.90127
0.292529
0.106958
1.03331
0.548949
1.26699
4.0249
1.2017
0.147502
0.747774
1.34474
2.6691
2.34303
7.47995
0.764259
3.20676
0.109141
2.70284
0.717442
0.194022
5.26871
2.70832
0.209333
2.51365
0.469757
6.27493
2.72626
2.65332
1.41302
0.18139
2.07489
0.1707
2.56043
1.50592
2.72717
3.86845
0.0701454
0.194111
2.10446
6.11746
1.32243
3.84969
0.175963
2.50143
3.73105
3.35722
2.48576
1.03998
2.00096
1.46922
0.922588
0.864782
1.8029
0.20369
0.641764
